"Greenland","","Nuuk","",""